Run,	x,	y,	z,		fecdN,	fx,	fy,	fz,	fN,	n_pca,	n_tag,	n_fit   tts

106923,	-18.6,	25.4,	-539.2,		38456,	-19.6,	27.6,	-542.6,	37597,	33.2,	36.3,	26.5,	1.61

106925,	-18.6,	25.4,	-489.2,		40760,	-19.4,	26.5,	-489.7,	40025,	33.5,	36.3,	26.8,	1.61

106930,	-18.6,	25.4,	-439.1,		25901,	-19.6,	26.0.	-437.8,	25507,	33.9,	36.9,	27.2,	1.60

106942,	-18.6,	25.4,	-389.2,		64717,	-19.7,	26.0,	-387.1,	63830,	34.0,	37.0,	27.4,	1.60   qFECD ?

106944,	-18.6,	25.4,	-339.2,		57397,	-19.8,	26.1,	-336.7,	56754,	34.1,	37.2,	27.5,	1.59

106946,	-18.6,	25.4,	-289.1,		56089,	-19.6	25.9,	-286.2,	55593,	34.2,	37.1,	27.5.	1.59

106948,	-18.6,	25.4,	-239.1,		53073,	-19.5,	26.4,	-236.2,	52615,	34.0,	36.9,	27.1,	1.58

106950,	-18.6,	25.4,	-189.0,		52133,	-19.7,	26.1,	-185.8,	51748,	33.9,	36.8,	27.1,	1.58

106952,	-18.6,	25.4,	-139.1,		50770,	-19.3,	25.5,	-135.2,	50409,	33.7,	36.6,	27.1,	1.58

106954,	-18.6,	25.4,	-89.1,		49333,	-19.5,	25.9,	-85.6,	49333,	33.4,	36.2,	26.7,	1.57

106956,	-18.6,	25.4,	-39.1,		47508,	-19.3,	25.6,	-35.4,	47173,	33.4,	36.0,	26.9,	1.56

106958,	-18.6,	25.4,	10.9,		45135,	-19.4,	25.3,	15.0,	44813,	33.3,	35.9,	25.6,	1.57

106960,	-18.6,	25.4,	61.0,		54462,	-19.5,	25.1,	65.4,	54072,	33.2,	35.8,	26.5,	1.57

106962,	-18.6,	25.4,	110.9,		44139,	-19.4,	24.4,	115.0,	43783,	33.3,	35.9,	26.3,	1.57

106964,	-18.6,	25.4,	161.0,		78643,	-19.7,	24.9,	165.3,	78040,	33.5,	36.0,	26.5,	1.58
106965,	-18.6,	25.4,	161.0,		17303,	-19.6,	24.9,	166.0,	17134,	33.4,	35.9,	26.3,	1.58

106967,	-18.6,	25.4,	210.9,		34987,	-19.9,	24.8,	215.4,	34682,	33.5,	36.3,	26.6,	1.59,

106969,	-18.6,	25.4,	260.9,		40412,	-19.4,	24.3,	265.5,	39966,	33.8,	36.4,	26.6,	1.59

106971,	-18.6,	25.4,	311.0,		40353,	-19.2,	24.2,	315.6,	39812,	33.7,	36.4,	26.5,	1.59

106973,	-18.6,	25.4,	361.0,		42019,	-19.2,	24.0,	366.2,	45364,	33.5,	36.1,	26.4,	1.60

106975,	-18.6,	25.4,	411.0,		37935,	-19.8,	23.8,	416.1,	37265,	33.1,	35.7,	25.7,	1.61

106977,	-18.6,	25.4,	460.9,		33822,	-20.1,	23.5,	468.0,	33108,	35.1,	34.7,	24.9,	1.66

106979,	-18.6,	25.4,	511.0,		28952,	-20.0,	24.5,	519.8,	28202,	31.2,	33.7,	24.2,	1.66    ( -5 )												
106981,	-18.6,	25.4,	552.0,		24411,	-21.3,	24.3,	567.5,	23514.	29.9,	31.9,	22.2,	1.68	( -5 )

106985,	-18.6,	25.4,	610.9,		76456,	-22.7,	24.8,	613.8,	73144,	28.1,	28.8,	18.6,	1.68    ( -5 )



106992,	-0.6,	0.0,	10.9,		62854,	-2.6,	1.0,	13.4,	62438,	33.2,	36.0,	26.5,	1.58

106994,	-0.8,	-99.7,	10.9,		66196,	-2.8,	-99.5,	13.0,	65729,	33.4,	36.2,	26.8,	1.58

106996,	-0.7,	-200.0,	10.8,		52050,	-2.7,	-201.0,	12.4,	51654,	33.8,	36.4,	27.11,	1.58

106998,	-0.6,	-299.7,	10.4,		51227,	-3.0,	-301.0,	11.4,	50685,	33.1,	37.4,	27.4,	1.59

107000,	-0.4,	-399.3,	10.1,		50465,	-3.0,	-401.1,	10.0,	49699,	34.2,	37.7,	27.4,	1.59

107002,	-0.2,	-500.7,	9.5,		49315,	-2.5,	-506.8,	8.9,	48199,	33.9	37.2,	26.9,	1.61

107004,	-0.2,	500.0,	9.8,		56819,	0.1,	509.1,	11.3,	55481,	33.7,	37.1,	26.7,	1.61	

107006,	-0.4,	397.3,	10.2,		52791,	-0.5,	399.0,	11.3,	51758,	34.1,	38.0,	27.0,	1.59

107008,	-0.6,	298.1,	10.6,		62229,	-1.2,	298.9,	12.1,	61506,	34.1,	37.8,	27.3,	1.59	

107010,	-0.8,	198.8,	10.7,		60393,	-1.0,	198.4,	12.8,	59836,	33.8,	37.5,	27.0,	1.58

107012,	-0.9,	99.5,	10.9,		51736,	-1.5,	98.7,	12.8,	51317,	33.4,	36.8,	26.9,	1.57

107014,	-1.0,	49.7,	10.9,		50626,	-2.2,	48.8,	12.8,	50263,	33.3,	36.4,	26.4,	1.57

107016,	-0.8,	149.4,	10.9,		53784,	-1.8,	149.6,	13.0,	53349,	33.6,	36.8,	27.0,	1.57

107018,	-0.7,	248.7,	10.7,		50356,	-1.1,	249.8,	12.4,	49851	33.9,	37.2,	27.0,	1.58

107020,	-0.5,	199.2,	209.8,		55000,	-1.2,	195.5,	206.3,	54398,	33.8,	37.1,	27.0,	1.59

107022,	-1.0,	277.7,	-273.0,		51494,	-1.9,	279.3,	-274.1,	50716,	34.2,	38.1,	27.7,	1.60

107024,	-1.1,	322.8,	-321.6,		49179,	-2.2,	325.1,	-324,0,	48283,	34.0,	38.2,	27.4,	1.61

107026,	-0.5,	349.7,	10.3,		48724,	-1.4,	349.5,	8.5,	48075,	34.2,	37.8,	27.5,	1.59

107028,	-0.3,	450.3,	10.0,		64257,	-1.0,	452.6,	7.7,	632935,	34.0,	37.4,	27.2,	1.60

107030,	-0.8,	-50.0,	10.9,		86268,	-2.3,	-53.6,	10.9,	85669,	33.3,	36.7,	26.7,	1.57			

107033,	-0.7,	-149.4,	10.8,		62837,	-2.3,	-153.8,	11.4,	62304,	33.6,	36.7,	27.0,	1.58

107035,	-0.6,	-248.6,	10.7,		65602,	-2.8,	-252.9,	11.2,	64973,	34.0	37.2,	27.2,	1.59

107037,	-0.8,	-283.1,	-273.1,		59794,	-2.7,	-287.3,	-273.9,	58990,	34.0,	37.3,	27.3,	1.59

107039,	-0.9,	-313.7,	-310.4,		57654,	-2.8,	-315.8,	-310.8,	56723,	33.8,	37.1,	26.7,	1.60

107041,	-0.5,	-209.8,	221.6,		58018,	-2.4,	-208.2,	-216.8,	57384,	33.9,	37.2,	27.1,	1.59

107043,	-0.4,	-347.7,	10.3,		57540,	-2.6,	-346.2,	5.5,	56774,	34.3,	37.8,	27.4,	1.59

107045,	-0.2,	-449.9,	9.9,		56297,	-3.0,	-450.3,	4.3,	55237,	34.0,	37.1,	27.0,	1.60

107047,	-0.2,	-487.4,	9.8,		132699,	-2.9,	-490.7,	3.7,	129778,	33.9,	36.9,	27.1,	1.60

107049,	-12.2,	8.0,	660.7,		43329,	-15.1,	9.3,	659.1,	41514,	26.6,	26.6,	19.1,	1.65	( -10 )


107051,	-12.3,	12.5,	710.9,		25576,	-17.5,	15.6,	698.1,	24294,	25.1,	26.2	19.2,	1.62	( -10 )

107053,	-12.4,	15.3,	760.9,		11508,	-21.9,	18.7,	720.8,	10605,	25.2,	25.9,	19.3,	1.66	( -10 )

107055,	-0.5,	-0.1,	10.8,		165041,	-2.9,	1.2,	9.2,	163922,	33.2,	36.2,	26.7,	1.58

107056,	-0.5,	-0.1,	10.8,		29688,	-3.0,	0.7,	9.4,	29490,	33.1,	36.2,	26.5,	1.58

107058,	-0.9,	99.7,	10.9,		59026,	-2.5,	101.2,	9.6,	58569,	33.2,	36.0,	26.7,	1.58

107060,	-0.7,	199.0,	10.8,		60826,	-1.8,	201.7,	9.82,	80285,	33.7,	36.8,	26.9,	1.59

107062,	-0.8,	-99.7,	10.9,		59549,	-2.8,	-99.8,	9.4,	59081,	33.5,	36.2,	27.0,	1.58

107064,	-0.7,	-199.0,	10.8,		60385,	-3.0,	-199.7,	8.9,	59846,	33.7,	36.7,	27.2,	1.58


107071,	0.1,	0.8,	10.8,		49422,	-1.3,	1.5,	14.1,	49075,	33.1,	35.9,	26.5,	1.58

107075,	-499.9,	0.2,	9.8,		43733,	-509.3,	4.2,	12.9,	44790,	33.6,	36.0,	26.5,	1.63

107077,	-400.3,	0.5,	10.2,		41062,	-403,3,	3.7,	12.3,	40318,	34.15,	36.9,	27.3,	1.62

107079,	-300.4,	0.8,	10.6,		43650,	-302.5,	2.7,	13.0	43104,	34.0,	36.7,	27.3,	1.60

107081,	-200.0,	1.1,	10.8,		49265,	-201.3,	1.9,	14.0,	48829,	33.7,	36.7,	27.0,	1.59

107083,	-99.4,	1.2,	10.9,		41591,	-99.4,	2.3,	13.9,	41259,	33.4,	36.3,	26.6,	1.58		

107085,	99.7,	1.1,	10.9,		42357,	101.3,	1.5,	13.7,	42045,	33.5,	36.5,	27.0,	1.59

107087,	201.0,	1.0,	10.8,		43014,	203.0,	0.4,	13.8,	43394,	33.8,	37.0,	27.2,	1.58

107089,	300.2,	0.7,	10.7,		43052,	303.4,	0.3,	13.3,	42557,	34.1,	37.2,	27.2,	1.59

107091,	400.0,	0.4,	10.2,		43106,	403.7,	-0.1,	11.5,	43786,	34.1,	37.5,	27.3,	1.60

107093,	500.4,	0.2,	10.0,		41680,	508.1,	-0.6,	11.6,	40748,	33.2,	36.6,	26.2,	1.62

107095,	450.3,	0.3,	10.1,		43605,	452.4,	-0.5,	11.2,	42754,	33.7,	37.1,	26.6,	1.60

107098,	209.2,	0.6,	220.8,		64926,	204.1,	-0.3,	215.3,	64162,	33.9,	36.9,	27.1,	1.59

107100,	282.5,	1.3,	-273.1,		67566,	279.4,	0.7,	-276.4,	66611,	34.3,	37.5,	27.7,	1.60

107102,	324.6,	1.4,	-315.6,		61202,	323.2	0.5,	-320.2,	60122,	34.2,	37.3,	27.6,	1.60

107104,	-325.0,	1.3,	-315.6,		67161,	-331.5,	3.4,	-314.8,	65913,	33.7,	37.0,	27.1,	1.60

107106,	-283.4,	1.4,	-273.0,		43229,	-288.2,	3.2,	-271.8,	59859,	34.0,	37.1,	27.4,	1.60

107108,	-211.0,	0.6,	220.7,		86688,	-208.2,	0.3,	211.7,	85694,	33.9,	36.6,	28.8,	1.59

107110,	-449.0,	0.4,	9.9,		88705,	-450.7,	2.0,	4.1,	86932,	33.9,	36.6,	27.0,	1.60

107112,	-277.2,	1.6,	-466.5,		71769,	-279.0,	4.1,	-475.5,	70033,	33.1,	36.6,	26.4,	1.61

107114,	277.1,	1.6,	-466.4,		72037,	282.9,	0.9	-474.4,	70278,	33.7,	36.4,	27.0,	1.60

107116,	351.0,	0.6,	10.5,		97565,	352.1,	-0.5,	8.3,	96260,	34.0,	37.0,	27.3,	1.59

107118,	250.4,	0.9,	10.6,		89350,	250.1,	0.1,	8.5,	88409,	33.8,	36.8,	27.1,	1.58

107120,	-347.7,	0.6,	10.4,		17901,	-352.5,	1.6,	8.11,	17641,	33.8,	36.6,	27.0,	1.60







( x,y,z )		manipulator source position ( in PSUP coordinate system )

( fx, fy, fz )		fitted source position ( in PSUP coordinate system ) 

fecd			number of tagged events

fN			number of fitted events

n_pca			average number of pca calibrated hits per event

n_fit			average number of fitted ( prompt ) hits per event

n_tag			average number of tagged hits per event

 
